pybullet build time: Jan 14 2023 14:08:29
b3Warning[examples/Importers/ImportURDFDemo/BulletUrdfImporter.cpp,126]:
expected a world element, continuing without it.0 -0.3486281966795637 0.6280521819707439 0.5094540795864957 1 0
1 -0.49955434497258056 0.727247851637636 -0.34162414242044714 1 0
2 0.22964485956229663 -0.6420421343130964 -0.97039128274934 1 0
3 0.6183364131727547 -0.594210943868144 -0.45138971572885933 1 0
4 -0.7467647681954923 -0.07967949415858322 -0.006443661686878155 1 0
5 -0.9766735098745079 0.42201403530736625 0.6857829279880918 1 0
6 0.13538043011310186 0.2592746475687773 -0.09961580957305305 0 1
7 0.5723619112649438 0.19952664450736934 0.15062836998907114 0 1
8 -0.06343107701728656 0.8851021188732593 -0.23304420442447227 0 1
9 -0.30058451904047034 -0.8296077956874399 -0.6649905298734733 0 1
10 0.5339012790099527 -0.23726384175067428 0.7645134102639641 0 1
11 0.3063673351622176 0.5030732611619726 -0.9783819368529239 0 1
12 -0.9323763334711581 0.44900401554976077 -0.8676828578168512 0 1
13 -0.9779202231361459 0.06967379214318714 -0.6586327358167074 0 1
14 -0.5439788945603636 0.7530718936474792 -0.07595193255323274 0 1
15 0.4167338635642326 -0.48685432771897474 -0.2519795297283356 0 1
16 0.566037105910622 0.932855624138299 0.38246658867449734 0 2
17 -0.21554571577681747 0.408412607338994 0.5546789610895257 0 2
18 -0.5633752444040849 0.20558826861495283 -0.3889329388354599 0 2
19 -0.6470185691301744 0.7122130685547026 -0.5574759399960407 0 2
Traceback (most recent call last):
  File "simulate.py", line 56, in <module>
    main()
  File "simulate.py", line 20, in main
    simulation.run()
  File "/Users/alexandertownsend/Desktop/cs206/cs206/simulation.py", line 35, in run
    self.robot.Act(tc)
  File "/Users/alexandertownsend/Desktop/cs206/cs206/robot.py", line 43, in Act
    self.motors[bytes(jointName, 'utf-8')].Set_Value(desiredAngle)
KeyError: b'Torso_RightUpperArm'
